# Created by Octave 5.1.0, Fri Jun 14 09:55:48 2019 GMT <unknown@DESKTOP-06BG9PA>
# name: S
# type: diagonal matrix
# rows: 256
# columns: 30
1257.9790406236066
955.9999479569384
764.1245435055946
716.58042465939729
666.48339770376174
596.43195166548423
496.75000531810934
479.70956445289715
449.63024497639572
402.14708907662327
382.37109519755398
347.53975908624039
322.69838764471342
301.63111548223918
289.35754232863894
265.19560092669275
230.02515966462397
213.6545153771836
206.60616512049353
183.53132263705825
171.50427653804562
164.32151856723945
150.63370862911449
140.60205458382651
114.45886676374451
108.80990113654462
100.96725068694869
91.677797230217649
84.93338819027764
54.101863317178641


