# Created by Octave 5.1.0, Fri Jun 14 09:55:50 2019 GMT <unknown@DESKTOP-06BG9PA>
# name: S
# type: diagonal matrix
# rows: 256
# columns: 30
1238.9897845890648
780.5851039422954
640.09235403758862
621.54540304591842
590.15226001273868
516.00301090595406
484.51996521834951
473.55828049624921
457.72684386974805
429.19606161019061
358.18856350558639
331.40105649437464
308.62506373354796
273.713542110324
262.11841400240877
251.62644518592487
212.34690385395345
205.43198957040224
174.37196912687847
165.00601904880227
152.48806568113594
142.77900299790736
136.48396541587664
121.51800456905615
110.68466618644517
93.198701949002114
89.004328854636341
86.304820246898572
67.360018719959214
62.612908297042452


