# Created by Octave 5.1.0, Fri Jun 14 09:55:50 2019 GMT <unknown@DESKTOP-06BG9PA>
# name: S
# type: diagonal matrix
# rows: 256
# columns: 30
1113.7699262229457
776.21044125797334
753.41729778793922
587.74516859996618
580.97304634146576
544.71592658497048
504.46963409302901
437.72770029815632
399.47629599891093
373.11241000901191
366.39767647497308
326.62690658401669
305.11927126568861
273.19978047065763
242.85566760649704
223.50930740539084
210.28198326148828
190.22870417901527
186.43795265870955
180.61779458946503
171.53369978773864
165.21209136080392
141.61094443790196
138.24966497316146
123.10249881659821
109.48004820589388
94.462751017579734
84.780472702973185
61.813248298499595
48.970426173822418


