# Created by Octave 5.1.0, Fri Jun 14 09:55:51 2019 GMT <unknown@DESKTOP-06BG9PA>
# name: S
# type: diagonal matrix
# rows: 256
# columns: 30
1151.2768290462527
708.96295170780922
675.46442221790858
669.02278624525559
608.80508408403477
580.23654211122005
469.28840706517911
408.52362178125458
384.10881952050346
363.07822948830028
351.17460076739724
329.33300659189291
297.11765203422118
285.354840861588
258.79406984552571
238.86767137038933
218.91717807962365
205.30263138255248
186.97550818628727
169.44966775200757
154.94857983857656
147.59907449393901
146.37559736277376
122.27984957170952
108.26452487626887
102.09576753187106
84.844937860387702
81.743036429036209
53.313947179237985
41.403834868828831


