# Created by Octave 5.1.0, Fri Jun 14 09:55:52 2019 GMT <unknown@DESKTOP-06BG9PA>
# name: S
# type: diagonal matrix
# rows: 256
# columns: 30
1254.097505635279
941.14698120712853
783.97810019670317
688.11168483821257
667.70769928564482
614.82800644239774
542.24898002405098
459.13129786654395
426.59826024918874
395.5343908401133
339.92879419862618
328.27081928050916
291.47613596761079
278.16637332892049
251.0696647714195
245.49531524317428
242.2637726535969
219.64757200489404
197.91686681049484
189.49636016901843
181.77410725807803
154.00284947869105
149.8326647893953
137.36967685360571
124.05346060452059
105.38087702493624
95.367818297821486
75.79168894604669
71.491132429168545
38.259345742333274


