# Created by Octave 5.1.0, Fri Jun 14 09:55:52 2019 GMT <unknown@DESKTOP-06BG9PA>
# name: S
# type: diagonal matrix
# rows: 256
# columns: 30
1154.3214964745757
792.91169473938498
714.11454747639539
680.27329388502153
577.89209788813753
560.16237976778802
498.56595985308985
492.56183620754268
453.5498283703613
435.20969034333456
391.24103118259433
360.81013882323174
346.56919607801143
324.9077650779231
296.39618799454439
289.08864483083761
273.94093501234983
259.74463603299483
242.21528417588144
197.63356743382249
185.65683501001953
180.5768756080914
150.08679410049282
148.39904391686957
131.74641517610061
127.47784380804346
116.62369429294154
105.04860481031105
82.867873706856912
51.259501320681402


