# Created by Octave 5.1.0, Fri Jun 14 12:08:23 2019 GMT <unknown@DESKTOP-06BG9PA>
# name: S
# type: diagonal matrix
# rows: 256
# columns: 40
1757.9163912020169
1040.8311110203317
982.24959670086946
915.24247343667537
898.08217821612993
776.13703553398886
761.83407427199211
715.56598769494531
685.04998286902298
657.41365732011388
643.67026264639276
609.60830236330514
562.72879639621851
538.6264247065792
515.40096626498155
488.88336375566371
472.91340146254993
454.99532615487647
447.3598144947747
408.27044986562174
379.39526967465036
366.10714945618952
342.21523417021257
324.38819759826504
311.11721441585047
295.06506514558527
278.37713161991888
249.69518940310397
247.64536643750668
227.03326913819942
196.58614277719508
190.82902552990456
186.29417602234514
174.13856368849684
156.97029859773644
143.40152749761262
129.16267315404883
122.09440516546772
104.32698508572823
69.094842725435683


