# Created by Octave 5.1.0, Fri Jun 14 12:08:25 2019 GMT <unknown@DESKTOP-06BG9PA>
# name: S
# type: diagonal matrix
# rows: 256
# columns: 40
2001.0882301983925
1309.8471844875251
1083.3281124758619
972.16368228674958
931.60872304162797
874.99413362633015
847.12784177042283
829.30915240780553
786.94827259375199
736.31399091704168
703.48438524437665
670.58294751610231
629.68024825322675
622.59438270632415
577.12183405905682
553.05583755716623
525.88094457991815
494.66610512874126
485.7576918304905
444.85757239845384
434.420911065859
416.52753037129906
411.95733839575286
393.57569026704715
361.765262341979
351.50254435256983
315.43146165035239
292.41317478418199
277.11768884192821
269.81934261456746
247.01695160046174
244.66377458594096
210.63992333689654
192.80171143206934
182.13382359256613
162.2733249029352
141.88238812818182
136.7979857704392
112.8405393218344
102.62823820537153


