# Created by Octave 5.1.0, Fri Jun 14 12:08:26 2019 GMT <unknown@DESKTOP-06BG9PA>
# name: S
# type: diagonal matrix
# rows: 256
# columns: 40
2019.1732690904037
1459.9282075767742
1079.2732063358374
978.63237649247151
922.74386561174492
851.51132484969548
824.59211298754303
747.59825393078393
704.31368388019905
690.28529136502652
639.88925764941291
586.62533451387435
563.3336752841268
526.49652770238083
490.29196154573594
464.5696538797722
446.28047521692673
420.02087447891705
399.68891139815105
380.56813890975633
371.93789626045356
361.16422745258041
342.89569489154024
313.91662429027332
309.52274494216437
284.13489222229737
274.81638497521499
259.11075624738044
232.78421948087504
207.00800521895786
202.9381180209586
185.02738740032672
173.61203684172273
160.07045375147703
143.75754231812607
139.80048707541411
131.23124604338139
101.63826249162406
82.817702421030305
64.594827133874702


