# Created by Octave 5.1.0, Fri Jun 14 12:08:26 2019 GMT <unknown@DESKTOP-06BG9PA>
# name: S
# type: diagonal matrix
# rows: 256
# columns: 40
2077.9877690481485
1156.5927709316145
1072.7794921171474
986.64175646841613
940.35153735891515
917.14126701639157
858.53702411156928
818.80344678312588
763.74000629523664
743.94052543936346
718.93448512324142
688.18312416026129
671.44737419770354
607.09029393454057
596.58916671401937
569.63173997899275
556.97447626051621
550.57747544817266
508.00354115732415
490.34677795266651
481.11931283510859
479.10933989428389
436.45160167375275
417.13803116683397
408.25389001403136
377.76492775121613
353.4287714705049
336.38320514187086
332.45001707400809
290.106425311012
272.8731640557499
247.21000357453181
239.14676205484116
216.14386329280589
204.62160321846596
196.83322008463327
191.14312608840478
180.70093766538861
151.31787861191535
123.80555632611294


