# Created by Octave 5.1.0, Fri Jun 14 09:20:07 2019 GMT <unknown@DESKTOP-06BG9PA>
# name: S
# type: diagonal matrix
# rows: 256
# columns: 20
665.35232851089961
396.29224763785982
372.97029278417557
351.7320001962371
341.5716388238576
304.85302538808185
298.97098899908707
285.38499148194376
250.45595215549224
240.48047545340452
218.05308862021698
198.91918918529799
184.88867058207663
169.96448717082404
148.70622139024778
137.72048469120327
131.58844006796411
111.44512557614114
97.447440034517641
73.897929057142164


