# Created by Octave 5.1.0, Fri Jun 14 09:20:08 2019 GMT <unknown@DESKTOP-06BG9PA>
# name: S
# type: diagonal matrix
# rows: 256
# columns: 20
571.88972711940073
439.6894321448508
389.45095151678657
354.62634338793976
313.68654749367255
306.75670274231925
291.93231347450836
279.19566891182683
249.03894871660242
238.06061563018113
204.81457877211187
192.56863976501171
182.55155367580906
151.17038376619752
148.36630941923525
138.21598087450627
122.06078456350373
99.734335966318582
91.540222765870325
85.21577187964634


