# Created by Octave 5.1.0, Fri Jun 14 09:20:09 2019 GMT <unknown@DESKTOP-06BG9PA>
# name: S
# type: diagonal matrix
# rows: 256
# columns: 20
832.07026935899592
610.51728118759706
544.56348837075791
402.07664320677532
390.71887709301495
350.65103754646861
346.60448641917702
333.34727101554864
282.36551199118406
265.98485349838745
246.16224152879633
227.07353099138768
218.06521096143456
194.20404407802158
184.44826523173631
169.54832608559857
153.86161354941126
131.77656328699197
120.73357069966727
105.75098895787156


