# Created by Octave 5.1.0, Fri Jun 14 09:20:09 2019 GMT <unknown@DESKTOP-06BG9PA>
# name: S
# type: diagonal matrix
# rows: 256
# columns: 20
802.30117345449173
592.27597488431843
485.83260940944928
406.49419222474961
367.14419014071495
325.34912741749332
292.08906348861461
263.57708960169259
246.70317561565494
223.8056038478048
212.93936245460915
204.81339003559327
176.59045891414968
161.88349403323073
151.89819440110452
137.34093307845941
110.46918615040657
94.885815462301707
84.474236115726015
59.156765684770676


