# Created by Octave 5.1.0, Fri Jun 14 09:20:10 2019 GMT <unknown@DESKTOP-06BG9PA>
# name: S
# type: diagonal matrix
# rows: 256
# columns: 20
661.14790188484494
422.72861355034786
409.06715442797918
379.93584003613256
351.97675532854419
337.77563735729325
308.65248073735313
302.27500845510735
276.98859620948929
228.97213538577711
225.31892811336783
218.54866230091153
194.744349946748
174.14334995130343
162.60253377921902
155.05293533380734
130.56886613840825
112.86456638896117
99.452377825969009
70.784897847181682


