# Created by Octave 5.1.0, Fri Jun 14 09:20:10 2019 GMT <unknown@DESKTOP-06BG9PA>
# name: S
# type: diagonal matrix
# rows: 256
# columns: 20
748.42839350263444
502.05423608369028
431.71602245699307
422.7648692522572
378.95447537985831
355.54920050648366
334.78089993718226
307.34771517916425
289.59017906209885
275.53868904222156
272.0498124330598
241.43443848880327
236.16740200912815
209.15305761210323
196.39724280934942
178.83396325860005
166.63391108055498
153.23538184031807
135.66883293396802
88.47494984776668


