# Created by Octave 5.1.0, Fri May 31 10:55:02 2019 GMT <unknown@DESKTOP-06BG9PA>
# name: S
# type: diagonal matrix
# rows: 256
# columns: 60
6021.0232631995768
2852.963315254487
1779.1663957223627
1262.2672196410333
1220.8646426104899
988.73789728252143
918.65645559606571
831.32152719412784
781.33520650709829
729.77740454761113
692.57502016205228
566.04852829015624
547.52989018514563
522.44052193795255
483.8752731795181
463.01386043113928
444.30720375194176
430.38884338069653
0
0
0
0
0
0
0
0
0
0
0
0
0
0
0
0
0
0
0
0
0
0
0
0
0
0
0
0
0
0
0
0
0
0
0
0
0
0
0
0
0
0


