# Created by Octave 5.1.0, Fri May 31 10:55:04 2019 GMT <unknown@DESKTOP-06BG9PA>
# name: S
# type: diagonal matrix
# rows: 256
# columns: 60
7911.5948212261073
2263.2085647577555
2196.5535368727569
2063.2556028972017
1710.3810076580469
1447.7193541261172
1413.1572456255033
1362.4636883683868
1245.9560753579269
1186.4237320133154
1185.4590761771381
1096.1765177202824
1039.2911807823073
1022.3799393843216
953.77115405065717
908.21235749978518
854.82244662033474
822.06074939702728
0
0
0
0
0
0
0
0
0
0
0
0
0
0
0
0
0
0
0
0
0
0
0
0
0
0
0
0
0
0
0
0
0
0
0
0
0
0
0
0
0
0


