# Created by Octave 5.1.0, Fri May 31 10:55:06 2019 GMT <unknown@DESKTOP-06BG9PA>
# name: S
# type: diagonal matrix
# rows: 256
# columns: 60
8263.5111103109521
2864.7329855592698
2243.9849859316878
2014.2464808081984
1774.5795041542635
1527.0206151871657
1414.7623177970734
1330.1618897751073
1217.4815134595435
1150.029888848288
1093.587166841352
1027.822233635761
1022.3243792510086
962.44486631927532
943.98252757292437
890.51075270375702
837.77490132105811
819.16439244514652
0
0
0
0
0
0
0
0
0
0
0
0
0
0
0
0
0
0
0
0
0
0
0
0
0
0
0
0
0
0
0
0
0
0
0
0
0
0
0
0
0
0


