# Created by Octave 5.1.0, Fri May 31 07:59:51 2019 GMT <unknown@DESKTOP-06BG9PA>
# name: T
# type: matrix
# rows: 10
# columns: 10
 40 0 0 0 0 0 2 0 0 2
 0 35 0 0 0 0 0 6 0 1
 0 0 28 0 1 0 0 0 0 0
 0 5 1 34 0 2 1 0 1 2
 0 0 0 0 26 1 1 3 0 3
 0 0 0 1 1 26 0 0 0 3
 0 1 0 0 0 0 34 0 0 0
 0 1 0 0 0 0 0 21 1 4
 0 4 0 1 0 2 0 0 22 1
 0 0 0 0 1 0 0 0 3 26


