# Created by Octave 5.1.0, Fri Jun 14 19:33:33 2019 GMT <unknown@DESKTOP-06BG9PA>
# name: T
# type: matrix
# rows: 10
# columns: 10
 3 0 2 2 0 0 0 0 0 0
 0 7 0 0 0 0 0 0 0 0
 0 1 4 1 0 1 0 0 0 0
 0 0 0 7 0 0 0 0 0 0
 0 1 0 1 4 0 1 0 0 0
 0 0 0 1 0 6 0 0 0 0
 1 0 0 1 0 0 5 0 0 0
 0 1 0 0 1 0 0 5 0 0
 0 0 0 0 0 1 0 0 4 2
 0 0 0 1 0 0 0 0 1 5


