# Created by Octave 5.1.0, Fri Jun 14 20:12:18 2019 GMT <unknown@DESKTOP-06BG9PA>
# name: T
# type: matrix
# rows: 10
# columns: 10
 0 0 0 0 0 1 5 0 1 0
 0 0 0 1 0 0 3 0 0 3
 1 1 1 0 0 0 1 1 1 1
 0 0 0 1 0 0 1 1 1 3
 0 2 1 0 0 0 3 1 0 0
 0 1 0 0 0 1 1 3 0 1
 1 0 0 0 0 1 5 0 0 0
 0 0 0 0 1 0 0 4 0 2
 0 1 2 0 0 1 0 1 0 2
 0 0 0 1 0 4 1 0 1 0


