# Created by Octave 5.1.0, Fri Jun 14 20:43:27 2019 GMT <unknown@DESKTOP-06BG9PA>
# name: T
# type: matrix
# rows: 10
# columns: 10
 24 0 0 2 6 3 0 8 0 1
 7 4 8 1 9 2 6 2 2 1
 17 0 2 0 2 1 5 0 1 1
 22 1 0 3 0 7 1 1 3 8
 3 1 1 1 9 4 4 2 8 1
 11 0 0 1 1 10 0 1 2 5
 2 0 0 0 16 0 17 0 0 0
 2 1 1 2 1 14 0 3 2 1
 18 0 0 1 2 7 1 0 0 1
 5 0 0 0 3 6 0 1 10 5


