# Created by Octave 5.1.0, Fri Jun 14 12:08:22 2019 GMT <unknown@DESKTOP-06BG9PA>
# name: S
# type: diagonal matrix
# rows: 256
# columns: 40
1962.5664532895887
1218.7685739026751
1156.5031836283856
932.44538677131686
896.00444289716245
851.87529712505136
786.08174407259389
763.58930276848184
746.42049458089377
721.77338035224864
671.30863478878518
646.47360301684114
584.38706925996507
565.27557766132554
557.47242097867218
522.17062423301547
512.84205951533818
494.99616610873369
466.70616832893558
443.43160257216687
436.34595571988746
413.80706250312488
392.54338652752989
367.14618576246812
332.09117356102604
320.59580848361389
301.70751560512718
281.8136059761207
278.65256013748279
238.9760801373549
208.60817090699027
188.69682969094202
181.01317870764902
164.7314415187484
144.90069890284278
134.29616578992153
121.7206481596959
112.35273376133149
90.925109402066852
69.99012030579938


