# Created by Octave 5.1.0, Fri Jun 14 12:08:22 2019 GMT <unknown@DESKTOP-06BG9PA>
# name: S
# type: diagonal matrix
# rows: 256
# columns: 40
1761.7588096397642
1229.3014123240441
1124.0351814338023
846.53384138215597
721.75413140160686
687.47752941595161
644.00243864303206
581.78286545601748
544.89351343953172
514.51739883799371
500.52572303385313
483.11348697843243
453.99294743786669
429.82774439835077
409.06556090484008
393.66477415814586
365.71365836569748
333.63393604660541
320.00720494511171
308.48080070497286
289.96367764620339
278.11095574366198
265.84636600764139
236.21881504788004
230.01509337187733
221.73854416616112
194.96999416044071
186.05875352996165
159.24231623064441
143.17548520307059
131.52273971131234
111.59715856583718
98.227532537571378
90.200829290357234
77.818502057239726
64.195416942618351
58.221931884453873
44.469876903073683
26.266429318210065
23.871324200585601


