# Created by Octave 5.1.0, Fri Jun 14 12:08:23 2019 GMT <unknown@DESKTOP-06BG9PA>
# name: S
# type: diagonal matrix
# rows: 256
# columns: 40
1708.2945826111684
1163.6010535327782
1038.8490694627578
934.03484159256743
871.60263191408364
807.56917946778458
731.0774733382998
678.2081282365524
667.60492924179187
641.94671723529689
572.48517172105755
552.83994684562867
527.10394910551065
516.74479879798184
493.13778187842126
464.09023992524038
439.3423372525873
412.62719247797065
402.17285610982378
380.47179733454885
364.02230628026541
336.81189415133974
310.40827378838628
301.81524050864533
289.78983552903901
284.39269566508125
264.56005540901884
244.85602958468681
226.42060836346235
211.68586413561584
191.34300490129891
173.36531874162461
156.96948452321246
138.63285789602639
135.15375910564114
115.3650913263765
90.712080870811675
75.405085143897992
66.837933644272155
37.640245119266652


