# Created by Octave 5.1.0, Fri Jun 14 12:08:24 2019 GMT <unknown@DESKTOP-06BG9PA>
# name: S
# type: diagonal matrix
# rows: 256
# columns: 40
1786.7381416424298
1088.3943878442492
997.85715165804288
944.38010946200063
814.35625989138316
793.0025298580598
745.33351029155517
715.28596580979604
692.26608831241447
638.08349709544723
629.3038256098281
621.44573114944319
558.49652802672722
551.29931760848297
545.45444371091526
531.24925115310793
507.57936048973318
457.98937086556782
444.35954473140657
419.17844730237238
400.50906725233398
378.91584432077866
359.05915997518781
332.44395631112178
320.30359317182138
306.09514484770659
287.79665576413799
277.81185490839175
259.89915804934566
241.53312943155575
222.20453776907016
213.55084063611466
199.72296239792777
175.96849278257042
160.29818479985633
143.12540338861621
137.57451618083118
132.79973131413576
118.64950646606491
84.571542436250766


