# Created by Octave 5.1.0, Fri Jun 14 12:08:25 2019 GMT <unknown@DESKTOP-06BG9PA>
# name: S
# type: diagonal matrix
# rows: 256
# columns: 40
1913.9019218215315
1112.8111495506712
1012.7167292655156
961.07776139124553
919.99723129685049
823.94699634548738
793.1170081063101
739.06757932311427
659.15236799143167
647.05077774178653
623.50725387204977
600.69883287323137
553.02069979146881
518.63761605154389
493.23310844535303
477.87787058659853
451.91140743487318
447.23157508241002
432.60195285386391
416.22712439973503
394.19404588250444
362.9363932654893
330.9389888756553
324.74628296867053
313.34785045318972
292.27695299764105
268.27008354502993
241.90752077943418
236.85237224710826
216.7972024196485
202.1792279560463
196.04117078559415
148.10367316776174
138.42309495941473
134.87798321952457
123.05429847225068
107.49212222711027
92.513247324991156
76.016867808876995
53.505147115975149


