# Created by Octave 5.1.0, Fri Jun 14 12:08:27 2019 GMT <unknown@DESKTOP-06BG9PA>
# name: S
# type: diagonal matrix
# rows: 256
# columns: 40
2170.8982055563933
1322.0750832551853
1155.3913267266125
1051.6089896651813
986.28133524313557
974.57966158304362
838.796641371384
825.77066230193259
776.83257376369397
736.87736214677977
710.56430035855385
698.05289583918955
659.43560565007976
633.3244178037537
617.48574483883783
587.76404694812356
578.92670108981872
569.11127039561416
543.84905208470491
512.30099676558643
481.14300295680346
472.15659691035512
444.33684941792734
436.82016446158735
411.90928951648874
394.02033260380568
378.2943867045513
345.76242085549683
336.60562929770884
329.5756032057381
308.8457898554924
293.96870037173369
277.15677481935177
245.50354571997352
242.45119120969875
239.13184059616449
214.11053405996444
195.34188615894439
151.05041534542667
144.05677657356765


