# Created by Octave 5.1.0, Fri Jun 14 09:20:07 2019 GMT <unknown@DESKTOP-06BG9PA>
# name: S
# type: diagonal matrix
# rows: 256
# columns: 20
535.37984510678666
422.1494645480596
366.69673738304886
309.20935272648461
287.36012895503802
270.41080134335255
237.60074925156127
228.27600184117435
192.84002999293006
175.59779245533261
171.51037398624405
152.95075280879246
135.47598696464667
124.91838585680308
111.98488302852819
93.06393776412807
85.047215382681188
73.486224207523961
64.662769600040662
59.627579448647623


