# Created by Octave 5.1.0, Fri Jun 14 09:20:08 2019 GMT <unknown@DESKTOP-06BG9PA>
# name: S
# type: diagonal matrix
# rows: 256
# columns: 20
636.59606744335827
464.82835586118466
382.73524439523203
312.71922856980035
306.01623908825155
289.7823924950406
261.3843192674799
243.62009756902467
237.7463150352653
212.43546756188314
206.96216928762701
196.40919007782418
169.34118365602268
162.06979065478606
160.44675249801926
132.30030654071783
130.50462689625169
118.30207230759476
81.477509674336702
72.014722006101366


