# Created by Octave 5.1.0, Fri Jun 14 09:20:08 2019 GMT <unknown@DESKTOP-06BG9PA>
# name: S
# type: diagonal matrix
# rows: 256
# columns: 20
691.17920320819235
489.67533462852242
404.7683846737711
335.37814881488686
318.26170582085604
292.51001330689377
259.8792766819667
231.75790311337093
223.04588593669999
210.4692710643078
194.92680557432249
185.24835743552168
183.76614432701493
175.47759683422436
171.04518307709762
149.22811383941203
123.42034388809337
102.8227807630099
80.662484733632567
61.001952888395593


