# Created by Octave 5.1.0, Fri Jun 14 09:20:09 2019 GMT <unknown@DESKTOP-06BG9PA>
# name: S
# type: diagonal matrix
# rows: 256
# columns: 20
699.48370031155343
441.10753885215763
377.68134300573092
327.38295506851017
309.90518859193077
300.46077796326244
290.83866311205668
252.26573210645836
247.53492974207117
225.01512719168269
208.27825057147462
196.3040794453872
176.58709830996727
167.57106404430687
161.16795947489155
151.24807953230172
133.18366265273826
118.77110501387277
104.99841694807063
65.108408341976457


