# Created by Octave 5.1.0, Thu Jun 13 17:54:37 2019 GMT <unknown@DESKTOP-06BG9PA>
# name: S
# type: diagonal matrix
# rows: 256
# columns: 20
16868.467179927782
960.07926272919451
797.30423783903359
711.8426949843888
611.69914238384877
559.42771222368958
500.47114494111605
476.97765053799969
429.7718552299005
408.83496381233886
394.91236159277713
357.53414140254523
334.66301817210399
296.62425150329904
291.61588232891609
269.2744927449445
254.2381005309189
246.98401065807772
232.91803765956192
196.7292376537942


