# Created by Octave 5.1.0, Thu Jun 13 17:54:38 2019 GMT <unknown@DESKTOP-06BG9PA>
# name: S
# type: diagonal matrix
# rows: 256
# columns: 20
16777.315697369388
1042.7289345236691
809.3392562152809
707.53957643381307
685.58170272554264
603.40173744822937
510.60902274051836
505.74861536016272
459.95501609317404
444.807622239728
423.82880044960768
397.14212914414384
363.00650569312029
315.28656807027954
308.50761329658076
297.22998924500024
280.84430336844798
270.98393692567794
251.3503081519562
216.59639955604453


