# Created by Octave 5.1.0, Thu Jun 13 17:54:40 2019 GMT <unknown@DESKTOP-06BG9PA>
# name: S
# type: diagonal matrix
# rows: 256
# columns: 20
16703.714565419679
1142.0598622384505
989.27205449311441
733.79455507548994
719.2640521116972
660.92631895801776
616.47366847794569
572.67863229966895
531.0805592316492
485.24538084625755
465.64509585461383
445.54465836186876
433.89396881287399
392.30967402102277
379.70615484465412
358.56745803491151
333.59173647918158
319.5906014289526
271.82192946239985
244.34673050518884


