# Created by Octave 5.1.0, Thu Jun 13 17:54:40 2019 GMT <unknown@DESKTOP-06BG9PA>
# name: S
# type: diagonal matrix
# rows: 256
# columns: 20
16704.550981508051
1015.3208884961965
957.40736032872678
941.25306024262693
692.84271005839105
691.22987543673196
646.01609431836221
617.61076901317517
575.74370391389186
531.43085404790611
512.19973346701636
487.25974609982234
468.85744869394216
424.70849830106584
407.36002228702984
380.6436993476637
341.47921023710188
323.93617806602077
301.59924528839468
266.75977941795645


