# Created by Octave 5.1.0, Fri Jun 14 09:55:49 2019 GMT <unknown@DESKTOP-06BG9PA>
# name: S
# type: diagonal matrix
# rows: 256
# columns: 30
971.06059124140722
793.91797588812858
691.75791021352984
557.19860540875493
499.99094231653413
439.03839077561332
415.89990216783571
409.53189275515979
335.05982681976519
307.61863256699712
288.85701764503125
285.83149833050589
277.61767661794659
250.39865523576
207.15756480309557
186.75295840995065
174.25626520054738
163.23830636519199
139.65220518311835
134.23607446378193
130.27194391096498
122.99124149603311
105.29590997900857
96.023143451489531
83.919802823277152
68.690108830231011
66.893021477340682
51.660588851375252
43.760610934630016
37.53020681041135


