# Created by Octave 5.1.0, Fri Jun 14 09:55:49 2019 GMT <unknown@DESKTOP-06BG9PA>
# name: S
# type: diagonal matrix
# rows: 256
# columns: 30
1047.7605961641516
833.59596365380378
793.94834858118179
636.31042793725237
572.69893185953788
499.56609155266318
491.84173544725832
425.41893827860213
375.53182228079584
355.03856021071124
333.99245606152766
321.35917102878432
280.36053369579668
259.68260543181373
240.09692800447289
231.92976010639308
205.24547522568108
196.89791999426382
192.05839542758773
183.7127876338526
176.01320209870488
147.05775565498953
141.33868235524798
131.32987966714484
126.54492963993061
104.90619872087939
91.422183974800305
78.503382556304203
64.248099229811388
50.137437480627241


