# Created by Octave 5.1.0, Fri Jun 14 09:55:51 2019 GMT <unknown@DESKTOP-06BG9PA>
# name: S
# type: diagonal matrix
# rows: 256
# columns: 30
1425.6321706325668
870.14711050885057
807.17592149217353
756.96139849923509
705.85443657708822
593.79228658881777
584.59831646831583
536.39339446360702
467.00087664970721
443.4488472022378
421.09423318072692
399.90080318773022
369.22680299791136
342.94234918166438
323.50834140934853
300.91587212133356
278.70963692077299
275.38902985794607
231.2045251810593
220.09291333093771
206.16287974533608
198.14740616293221
176.82109273681888
162.85201828522173
146.6536591090271
140.35055872821638
123.85746425651014
111.13923717549025
99.485911578637882
95.575782913660547


