# Created by Octave 5.1.0, Fri Jun 14 09:55:53 2019 GMT <unknown@DESKTOP-06BG9PA>
# name: S
# type: diagonal matrix
# rows: 256
# columns: 30
1511.5217284429459
935.98571485593015
868.90919219749912
728.85307422535993
687.89019609131299
659.53817608196448
607.46300461141254
555.86784102069817
480.16243817310249
439.66975034932085
407.98777064236782
388.85872544109037
369.55838461717235
352.32753787371649
319.12071252981241
307.66530866055751
276.51900842996918
272.3433277371866
252.63763246383616
240.50610233848752
216.8189271170547
208.41878560146731
204.31676101892475
181.65216211311045
171.39200978369453
156.26847225005088
146.30930928985401
128.41354936273578
113.01536400803873
82.480333976651323


