# Created by Octave 5.1.0, Thu Jun 13 17:54:36 2019 GMT <unknown@DESKTOP-06BG9PA>
# name: S
# type: diagonal matrix
# rows: 256
# columns: 20
16602.816566011334
1013.9982268580759
843.4156050445514
796.45663174188621
731.9927603504018
700.32681633643517
552.50017369680711
510.70189028529012
504.6861258410259
440.71328596543327
429.59472318249402
419.46982148461831
383.09472859356072
366.68174888817185
312.24696975348752
289.82457314986726
280.93155059590345
261.35013676773775
255.33236507637508
203.38212599276409


