# Created by Octave 5.1.0, Thu Jun 13 17:54:37 2019 GMT <unknown@DESKTOP-06BG9PA>
# name: S
# type: diagonal matrix
# rows: 256
# columns: 20
16872.698505284512
1025.4087144942935
920.17032299429388
722.78274571969064
644.77606009353235
626.54553720404533
538.90301194089795
511.76182327425056
487.63278327668399
454.34684807453692
405.27460844002127
372.33398943804957
362.45966061561069
326.29825137585817
316.96519894481037
281.89885748259331
271.47232781684664
255.40336706095189
242.27778299107712
230.51185487271925


