# Created by Octave 5.1.0, Thu Jun 13 17:54:38 2019 GMT <unknown@DESKTOP-06BG9PA>
# name: S
# type: diagonal matrix
# rows: 256
# columns: 20
16771.643491645507
1095.3838812363072
751.27481581730081
695.43723903225816
672.9984090661527
622.36465656579026
552.59073763206925
529.23708157801263
490.7483952054838
453.32187799205877
427.61801048225607
412.56634609706691
361.66381265457505
358.85840909860576
321.75900425568034
313.74559237336132
286.45654025201532
272.80551925494518
249.07781518998797
225.57893200838299


