# Created by Octave 5.1.0, Thu Jun 13 17:54:38 2019 GMT <unknown@DESKTOP-06BG9PA>
# name: S
# type: diagonal matrix
# rows: 256
# columns: 20
16597.629826786426
1071.2262839171133
1021.0526900746452
874.64388456402844
772.86452420464366
693.80402106794315
608.2095502656083
568.7125430787911
548.40617136305741
524.72825639125301
467.83278828311887
454.41945963681525
423.42073466733382
405.87067870780714
361.18276886820206
335.71959091820287
316.3982876565322
309.60049505775498
270.64225739978002
203.38506030714007


