# Created by Octave 5.1.0, Thu Jun 13 17:54:39 2019 GMT <unknown@DESKTOP-06BG9PA>
# name: S
# type: diagonal matrix
# rows: 256
# columns: 20
16652.172367280447
1228.3440136089846
812.8612183621334
693.39108419685931
684.47833490828395
623.07186859929175
557.98302402052957
515.75796703893957
473.1639439820467
466.14137277765997
423.99149441580346
401.04665335907896
386.62227200203142
362.53045484695281
333.21531340793649
293.56629375306113
277.56867736767043
264.8035196508709
232.64100610559595
200.06113458793033


