# Created by Octave 5.1.0, Thu Jun 13 17:54:39 2019 GMT <unknown@DESKTOP-06BG9PA>
# name: S
# type: diagonal matrix
# rows: 256
# columns: 20
16728.627587427607
1022.0194524618825
950.11319935013626
839.16964861726285
718.02866914651008
650.53963884737107
565.9253386830718
547.97394210110781
526.43027704077679
495.123333990616
438.66955734889854
394.97506769817079
367.0669555247984
339.10797249691961
324.50905428424011
293.41253376495661
283.10038981191241
259.64388667357315
243.65385808528487
208.50885162746783


