# Created by Octave 5.1.0, Fri Jun 14 10:50:52 2019 GMT <unknown@DESKTOP-06BG9PA>
# name: S
# type: diagonal matrix
# rows: 256
# columns: 30
1597.3475022547927
1042.4256344968726
1001.0943486485342
876.75940327283524
781.45269845844587
757.84873618935774
704.60476996990417
687.69378664357725
634.09412441430391
590.51842901526516
548.7836434163986
535.77281364680152
517.99591335677701
496.02401734925803
483.45987616084773
433.60988193624019
410.55140052775459
380.02505512266009
345.11416784857198
334.98116230509112
324.70388204980213
262.23571817016273
249.29683661034682
222.37761150886408
215.34888465479301
186.28914050724194
170.43710450533916
145.06668250069845
122.97529608650633
70.645545367414428


