# Created by Octave 5.1.0, Fri Jun 14 10:50:54 2019 GMT <unknown@DESKTOP-06BG9PA>
# name: S
# type: diagonal matrix
# rows: 256
# columns: 30
1518.9247520758959
940.10112677004781
879.58498305565445
791.88976293932365
709.01949348276185
694.14654501406494
653.33953394769992
635.8424997973259
606.20888179944689
577.03682163639678
517.16420045463042
500.94379250787352
484.20689350948118
476.47978587039694
455.95089133459345
425.26176475552899
410.02582134557065
398.6431328442581
366.25143672890539
350.93322251081423
306.35448171079236
296.22403139417742
279.28907119335702
247.79945647017877
240.37482182986295
213.11431602506374
182.13542743095761
172.61947644106831
133.01888039279689
127.19158108407369


