# Created by Octave 5.1.0, Fri Jun 14 10:50:56 2019 GMT <unknown@DESKTOP-06BG9PA>
# name: S
# type: diagonal matrix
# rows: 256
# columns: 30
1771.3897502969976
1007.9522245634283
965.50869764782738
863.05502423631674
804.40163007526235
787.85910966896938
749.74759160374492
702.56706801158009
676.4314827353262
629.56168908345194
618.07128133276365
604.86631967950541
567.94609790453717
507.08123203487401
498.37524533826996
478.19892897093445
449.97987504504374
425.21072369707753
398.62160320447646
366.37250814042068
362.9795765110174
341.07305196309602
322.02082849381287
293.80169171689772
291.4559682573659
249.93577622692413
232.02713811362665
201.11001608875065
184.19797465946215
163.93769281344825


