# Created by Octave 5.1.0, Sun May 12 13:04:42 2019 GMT <unknown@DESKTOP-06BG9PA>
# name: S
# type: diagonal matrix
# rows: 256
# columns: 60
9490.2153454462077
3464.4199954129481
2822.2532436707456
2046.7538588294269
1655.9047377086617
1512.044555795268
1449.7046307162066
1342.794268810612
1210.4757454451073
1083.2287041548302
1045.5172896728179
1017.8183451040522
976.86200155288896
928.02556060052132
890.99822258813538
821.86734574217485
796.53466000843287
772.89704175646204
716.39752667963717
664.55390849043351
650.13582324541653
626.10345267955097
622.6239903793446
587.67419080456011
535.10992753413257
524.40066264087307
521.34845119312297
501.68822944643989
477.35376592223042
472.21707950057089
465.19909625246135
454.98771710748417
446.78312209996108
412.38597594307328
406.82447939908218
391.06583187182974
383.79782724444783
367.61069312354169
348.24241086760344
342.43702214301459
329.32751711910703
320.0042239634825
304.44175968774834
295.33282843429163
289.97175062370991
276.35274343979268
268.52593968501071
246.55372894598696
237.4107172512461
227.53112426697083
222.33330043811355
201.37250098495005
199.25844386154094
190.8433251151265
176.25082477420588
165.1538451689822
158.65760264544801
149.07367330862462
125.41380125265076
118.99279045381228


