# Created by Octave 5.1.0, Sun May 12 13:04:42 2019 GMT <unknown@DESKTOP-06BG9PA>
# name: S
# type: diagonal matrix
# rows: 256
# columns: 60
6021.0232631995768
2852.963315254487
1779.1663957223627
1262.2672196410333
1220.8646426104899
988.73789728252143
918.65645559606571
831.32152719412784
781.33520650709829
729.77740454761113
692.57502016205228
566.04852829015624
547.52989018514563
522.44052193795255
483.8752731795181
463.01386043113928
444.30720375194176
430.38884338069653
367.47212259992602
355.84379327495509
336.99415459035339
314.3715302261981
299.20652935158404
284.06581425089291
277.5401376886295
262.31464759026346
244.6254073357822
224.75428937429257
218.25580540585872
199.98264540545483
187.38265222345871
182.72295139804223
173.16069799677354
151.08166220987852
148.13130038894104
140.9729949695076
131.85356017373397
120.19942729286642
117.06049120532958
109.844784351984
101.35192586413024
96.302621375734702
91.350389151282343
82.422499988086898
80.567799659738469
75.064049332581078
70.49193966411211
67.038126655086202
54.518817422198069
51.559487274023489
45.451415047932265
44.133965905183125
36.894346369502479
34.662137031917858
31.755338116707588
27.934233921631158
25.677881112281803
25.290279943145361
24.187141807844537
17.615783062172731


