# Created by Octave 5.1.0, Fri May 31 10:55:03 2019 GMT <unknown@DESKTOP-06BG9PA>
# name: S
# type: diagonal matrix
# rows: 256
# columns: 60
7815.1722893883261
2985.8356677325733
2374.2930225311848
1891.2185944949993
1723.9851171365569
1668.4147955721673
1489.3235587392383
1405.1175663935785
1353.5729856615376
1306.2345035590236
1272.7989830211779
1213.582046362123
1175.4143750660844
1080.1984191283152
1060.8345852438631
993.9489076700811
949.98651225604499
886.78219835894311
0
0
0
0
0
0
0
0
0
0
0
0
0
0
0
0
0
0
0
0
0
0
0
0
0
0
0
0
0
0
0
0
0
0
0
0
0
0
0
0
0
0


