# Created by Octave 5.1.0, Sun May 12 13:04:43 2019 GMT <unknown@DESKTOP-06BG9PA>
# name: S
# type: diagonal matrix
# rows: 256
# columns: 60
7815.1722893883261
2985.8356677325733
2374.2930225311848
1891.2185944949993
1723.9851171365569
1668.4147955721673
1489.3235587392383
1405.1175663935785
1353.5729856615376
1306.2345035590236
1272.7989830211779
1213.582046362123
1175.4143750660844
1080.1984191283152
1060.8345852438631
993.9489076700811
949.98651225604499
886.78219835894311
866.18567818212114
858.64517228349496
831.79802969865409
785.93157923013564
781.8271693133122
750.44814928706785
714.82198323977445
705.47376625128936
676.06438841910369
639.47786896402317
628.3621826912173
624.53150470020034
607.86747993758559
597.44620722709283
571.62128739714501
539.90806976560816
521.01480031405583
503.05163251176361
479.28532569683716
468.23024378336021
448.49339782856737
434.74710390346877
428.36935823772461
414.26579665809487
407.19867867045684
388.65696353735098
362.27546252253524
354.2794624983249
336.9248181285983
327.37220877704181
317.75427335912457
312.15661943324704
299.46802120780319
279.55087108222318
273.82563595148258
259.13470982649011
239.06657366464441
230.07175768207517
218.55944323024207
199.48196228889344
182.90255928059403
164.90134774968513


