# Created by Octave 5.1.0, Sun May 12 13:04:44 2019 GMT <unknown@DESKTOP-06BG9PA>
# name: S
# type: diagonal matrix
# rows: 256
# columns: 60
7911.5948212261073
2263.2085647577555
2196.5535368727569
2063.2556028972017
1710.3810076580469
1447.7193541261172
1413.1572456255033
1362.4636883683868
1245.9560753579269
1186.4237320133154
1185.4590761771381
1096.1765177202824
1039.2911807823073
1022.3799393843216
953.77115405065717
908.21235749978518
854.82244662033474
822.06074939702728
817.08598619084967
773.5736441366073
747.89855085878821
699.94788292999294
697.21061060562533
672.36111050100328
640.92836537434164
628.42642100563046
601.15832364611072
594.44372931318708
573.12030129429036
557.75121453541396
517.08699975703507
499.96051342649571
486.78538182505156
465.73145060666172
451.02677364341838
429.93115667763038
424.54445606694577
411.77369416402814
400.54327207583952
399.92068280538462
391.04956821027048
376.97664097015615
358.61228106513494
335.22745322713274
314.83448770516111
301.31506436004378
283.91533049143447
279.9552562049949
263.2767408024655
253.05168925813757
240.03316505316013
223.12998935880546
215.28008089058631
209.90589247332753
194.20896228372891
189.19156215442274
169.78336831099091
157.35959898988156
136.31696958884933
127.96768945611896


