# Created by Octave 5.1.0, Sun May 12 13:04:45 2019 GMT <unknown@DESKTOP-06BG9PA>
# name: S
# type: diagonal matrix
# rows: 256
# columns: 60
7445.5798638702463
2832.3467803859749
2044.5294187214422
1866.0498026682794
1711.9732574014547
1668.3348585739598
1538.6779658564474
1456.4416840190111
1253.0811631351605
1147.2730883566705
1134.9059812696671
1089.5531838499735
1057.7689435327702
999.53901863347733
934.43544345263138
908.55897532087147
881.5775085270601
835.17602870583323
820.63234801060548
810.46429200556634
755.78304407939777
724.76932372724673
677.16112308736115
652.62674368948512
645.42666111487097
614.79769158745421
599.65577978782289
567.33335559294505
549.92487523431419
545.13886378238988
512.86911690637567
499.03333803339746
474.3656465888991
460.35199286297916
452.89591997828984
432.4345457742985
417.19634349760827
395.60818645432852
393.21084672358978
387.27152261303451
374.03766711381132
348.70483450587477
342.07864014527092
330.40553683470188
318.62412508294011
304.51037494230934
288.19815658560151
271.75657461557415
269.05569329208117
253.49743342809236
241.33350656465905
227.57328802926477
222.66355047497279
212.94536385089455
197.01314839946707
183.30407959579733
158.82483637497083
150.44966423853168
147.91947017269396
132.00514922671798


