# Created by Octave 5.1.0, Sun May 12 13:04:46 2019 GMT <unknown@DESKTOP-06BG9PA>
# name: S
# type: diagonal matrix
# rows: 256
# columns: 60
7238.009093584792
3067.9313694125103
2271.4183447750461
1921.453741092505
1684.7154660517092
1599.2813627847231
1480.4707000396961
1351.254768423217
1297.5178405969109
1191.0175291013236
1176.623645111456
1113.7150948220622
1069.9858013272915
1006.9023348698465
978.4337372228905
949.54318332358923
910.29534373349372
873.3070241091765
816.77369908000571
790.52566568826376
769.52163772927827
734.93399735033199
722.0584639994189
676.23805047260498
653.65401880887339
603.70500884315311
574.52422022996461
569.81763005964797
553.1543394773804
529.78922604602349
513.42402384813136
494.44889752468208
474.80935896877901
466.71064558778426
436.78149713809682
428.95406423756094
423.10137994616497
410.7779582747865
404.35957531641168
385.79124551310798
365.41760676881552
346.91649375546496
338.15348927571296
325.39694059726207
316.17216130751018
304.28069882827162
298.75285595405802
289.1424237935521
275.66297152546247
254.58302813428534
243.1506038534047
233.19576342901792
231.50337658880431
220.30473771526718
204.39478081751361
195.76013030677174
190.76787917806732
174.93564956757038
158.01373651137612
147.92743716748174


