# Created by Octave 5.1.0, Fri May 31 10:55:06 2019 GMT <unknown@DESKTOP-06BG9PA>
# name: S
# type: diagonal matrix
# rows: 256
# columns: 60
7238.009093584792
3067.9313694125103
2271.4183447750461
1921.453741092505
1684.7154660517092
1599.2813627847231
1480.4707000396961
1351.254768423217
1297.5178405969109
1191.0175291013236
1176.623645111456
1113.7150948220622
1069.9858013272915
1006.9023348698465
978.4337372228905
949.54318332358923
910.29534373349372
873.3070241091765
0
0
0
0
0
0
0
0
0
0
0
0
0
0
0
0
0
0
0
0
0
0
0
0
0
0
0
0
0
0
0
0
0
0
0
0
0
0
0
0
0
0


