# Created by Octave 5.1.0, Sun May 12 13:04:47 2019 GMT <unknown@DESKTOP-06BG9PA>
# name: S
# type: diagonal matrix
# rows: 256
# columns: 60
8263.5111103109521
2864.7329855592698
2243.9849859316878
2014.2464808081984
1774.5795041542635
1527.0206151871657
1414.7623177970734
1330.1618897751073
1217.4815134595435
1150.029888848288
1093.587166841352
1027.822233635761
1022.3243792510086
962.44486631927532
943.98252757292437
890.51075270375702
837.77490132105811
819.16439244514652
778.44786147028253
742.67427978284002
729.70975373948977
681.82276238774409
676.18369585678829
649.6081324894667
614.87716075565777
591.87596278101717
580.39241157180163
552.66390840003453
542.11776426470158
529.280837092909
514.40009736205968
480.43211982701109
475.99562157935281
456.28159988421771
433.59705048668525
424.82286358221484
400.86554941898163
386.53663856852194
366.52558175547028
347.02329263539917
345.31370183399076
329.40869040781416
323.50034914629123
298.66283920008084
281.45687821228188
274.61349898576253
270.57122274598709
251.16440546233571
244.79100641958266
236.42439796152235
204.32508644038188
183.22659751080297
176.41420248446988
169.32008138788794
154.96346358211085
152.5290030842074
149.94412118087951
128.64220648675905
113.1529107075786
91.669586433712951


