# Created by Octave 5.1.0, Sun May 12 13:04:47 2019 GMT <unknown@DESKTOP-06BG9PA>
# name: S
# type: diagonal matrix
# rows: 256
# columns: 60
7000.3760923324708
2984.213317195587
2296.9043842946826
1994.0058319673628
1560.0578847466859
1450.1898334861182
1352.0152883805517
1233.5535221229397
1172.8088171756651
1099.6784507729881
1014.1881478294497
984.84943745810619
931.00071036923578
885.51932112255429
848.23508381814918
769.88409893361961
747.49263401775829
716.53139204847992
654.9711486235957
624.37493909959608
598.47741862495229
583.10448253164543
573.51427845557805
555.4547229785436
516.65070997397902
507.74726447437638
491.83478243534717
465.25797116036091
458.82913399001444
435.18926028785052
414.33284588084052
407.36165886372964
396.93671702797269
380.14589055370357
367.91033367367697
338.34561503758567
331.69245348413807
325.99122824559822
299.7546351204964
294.83806552316929
289.39560588953839
276.45807771525347
258.74728424933045
251.70872435079198
244.81916039495206
226.2722633236327
220.48717660060598
216.11027613820875
199.73059546918071
192.15947735173856
175.55080861472953
172.47070550925534
163.34017593301976
151.38892748071984
135.9234316324484
123.04592012887196
109.31801169800227
99.974499230236987
96.435596060902128
89.644259439845285


