# Created by Octave 5.1.0, Sun May 12 13:04:48 2019 GMT <unknown@DESKTOP-06BG9PA>
# name: S
# type: diagonal matrix
# rows: 256
# columns: 60
8496.6526233576442
2884.1767126228829
2109.3787896871336
1883.759709461458
1654.6462373101881
1593.9162045295288
1478.8848926711598
1299.0590651048808
1271.0005418338335
1164.4825469461925
1136.8997665943909
1133.0071014884732
1074.8762844091757
1026.0832765766895
972.74111109078945
964.89837930680699
930.36326243099813
925.33517647815529
851.4503348384718
805.11599544588955
786.31371714674958
781.38507612512501
766.6505745191472
730.51034144555229
713.23942964003231
681.11251088316533
660.97169041619907
655.68462061717707
628.31319033828879
598.94919107223723
583.10450569919703
555.52928733651822
536.81598835149828
523.67108318545218
506.97505458793034
487.14576063908936
462.32923546406704
446.29714521604063
429.80506020147936
416.37387816639063
409.1369852224272
381.25658108556541
361.37092726364756
342.99820209522875
332.52647547347271
315.21268394841769
311.1657795847596
292.99495953365391
281.44551105610515
274.86391262161766
260.83354557936406
247.56437883962414
239.21137743948773
229.6608444727654
207.48302747494063
200.37171173755598
179.26714047232414
166.28776085973757
149.74388184742085
141.4625709339517


