# Created by Octave 5.1.0, Fri May 31 10:55:09 2019 GMT <unknown@DESKTOP-06BG9PA>
# name: S
# type: diagonal matrix
# rows: 256
# columns: 60
7528.2089315643434
2580.052611877687
2233.8961000280146
1637.754715972789
1529.2424393397116
1367.5432985682442
1328.5390989629777
1305.8426095502168
1209.1792008818629
1166.7886373502517
1116.6487667921558
1055.2108853021155
973.30323776320688
940.94026585870893
901.18392909910551
832.24391147795745
772.67884281805175
767.03326326773436
0
0
0
0
0
0
0
0
0
0
0
0
0
0
0
0
0
0
0
0
0
0
0
0
0
0
0
0
0
0
0
0
0
0
0
0
0
0
0
0
0
0


