# Created by Octave 5.1.0, Sun May 12 13:04:49 2019 GMT <unknown@DESKTOP-06BG9PA>
# name: S
# type: diagonal matrix
# rows: 256
# columns: 60
7528.2089315643434
2580.052611877687
2233.8961000280146
1637.754715972789
1529.2424393397116
1367.5432985682442
1328.5390989629777
1305.8426095502168
1209.1792008818629
1166.7886373502517
1116.6487667921558
1055.2108853021155
973.30323776320688
940.94026585870893
901.18392909910551
832.24391147795745
772.67884281805175
767.03326326773436
721.59628951723062
682.6863590771851
656.01454171603848
617.16222346870495
598.71684447035386
574.30291614185239
563.35877877652501
530.61200998880031
501.07652737768922
486.59663096231884
465.18811287357454
439.71947299181829
426.36951080256483
407.43210229499971
402.62569089300206
383.08290231864879
362.05241190633365
337.16185255801975
327.83188680349798
321.48888498886868
308.46389243508071
303.93620754848706
293.81406802979802
277.02894329744669
247.80101859347931
238.02213422277219
230.48506590095081
214.3562033131625
204.07343859969833
201.55360928011896
191.17964752186012
186.98168132125218
179.79422877838161
158.60857292015882
147.48741828022813
137.83960498027071
126.87455548365125
120.76381334590862
116.83236702396415
100.83306495895758
96.796845750131524
73.619842052009574


