# Created by Octave 5.1.0, Fri May 31 10:55:01 2019 GMT <unknown@DESKTOP-06BG9PA>
# name: S
# type: diagonal matrix
# rows: 256
# columns: 60
9490.2153454462077
3464.4199954129481
2822.2532436707456
2046.7538588294269
1655.9047377086617
1512.044555795268
1449.7046307162066
1342.794268810612
1210.4757454451073
1083.2287041548302
1045.5172896728179
1017.8183451040522
976.86200155288896
928.02556060052132
890.99822258813538
821.86734574217485
796.53466000843287
772.89704175646204
0
0
0
0
0
0
0
0
0
0
0
0
0
0
0
0
0
0
0
0
0
0
0
0
0
0
0
0
0
0
0
0
0
0
0
0
0
0
0
0
0
0


