# Created by Octave 5.1.0, Fri May 31 10:55:05 2019 GMT <unknown@DESKTOP-06BG9PA>
# name: S
# type: diagonal matrix
# rows: 256
# columns: 60
7445.5798638702463
2832.3467803859749
2044.5294187214422
1866.0498026682794
1711.9732574014547
1668.3348585739598
1538.6779658564474
1456.4416840190111
1253.0811631351605
1147.2730883566705
1134.9059812696671
1089.5531838499735
1057.7689435327702
999.53901863347733
934.43544345263138
908.55897532087147
881.5775085270601
835.17602870583323
0
0
0
0
0
0
0
0
0
0
0
0
0
0
0
0
0
0
0
0
0
0
0
0
0
0
0
0
0
0
0
0
0
0
0
0
0
0
0
0
0
0


