# Created by Octave 5.1.0, Fri May 31 10:55:07 2019 GMT <unknown@DESKTOP-06BG9PA>
# name: S
# type: diagonal matrix
# rows: 256
# columns: 60
7000.3760923324708
2984.213317195587
2296.9043842946826
1994.0058319673628
1560.0578847466859
1450.1898334861182
1352.0152883805517
1233.5535221229397
1172.8088171756651
1099.6784507729881
1014.1881478294497
984.84943745810619
931.00071036923578
885.51932112255429
848.23508381814918
769.88409893361961
747.49263401775829
716.53139204847992
0
0
0
0
0
0
0
0
0
0
0
0
0
0
0
0
0
0
0
0
0
0
0
0
0
0
0
0
0
0
0
0
0
0
0
0
0
0
0
0
0
0


