# Created by Octave 5.1.0, Fri May 31 10:55:08 2019 GMT <unknown@DESKTOP-06BG9PA>
# name: S
# type: diagonal matrix
# rows: 256
# columns: 60
8496.6526233576442
2884.1767126228829
2109.3787896871336
1883.759709461458
1654.6462373101881
1593.9162045295288
1478.8848926711598
1299.0590651048808
1271.0005418338335
1164.4825469461925
1136.8997665943909
1133.0071014884732
1074.8762844091757
1026.0832765766895
972.74111109078945
964.89837930680699
930.36326243099813
925.33517647815529
0
0
0
0
0
0
0
0
0
0
0
0
0
0
0
0
0
0
0
0
0
0
0
0
0
0
0
0
0
0
0
0
0
0
0
0
0
0
0
0
0
0


