# Created by Octave 5.1.0, Fri Jun 14 10:50:53 2019 GMT <unknown@DESKTOP-06BG9PA>
# name: S
# type: diagonal matrix
# rows: 256
# columns: 30
1287.7462008458417
986.34334091998949
862.60758506398997
721.08803887800048
694.42964336958721
633.83640579458324
547.78239695499326
514.58992949464118
493.63009303836031
470.86406951536929
454.28015635044517
410.51130598329479
379.60781394121614
375.52411003209824
335.21804431778605
323.80717831748649
293.46549981988971
274.4893826264377
262.07452860589586
255.24273817088485
241.68532881592
214.18651159957122
204.71257935330655
185.83435489432279
177.3509830656709
143.65334321822809
94.729253941658698
84.496908879595537
67.111200590214281
30.271828960634302


