# Created by Octave 5.1.0, Fri Jun 14 10:50:53 2019 GMT <unknown@DESKTOP-06BG9PA>
# name: S
# type: diagonal matrix
# rows: 256
# columns: 30
1358.8831049286468
1017.4911986447581
930.85124974723078
778.18797585210541
752.36422405187375
688.46414248588792
658.48740905266868
637.96992571690066
601.34328870260993
559.65635125584538
504.90205294361994
490.22341484109245
473.33347873693117
468.23776826767181
429.28408015038997
386.57350385550694
371.57931119605661
354.31782244424926
332.68789772259737
320.95073922561102
279.68096097264151
266.08489210276042
245.10075270435104
237.15723854762723
204.6805201305956
177.52135014031148
159.21408606654572
130.79810685254898
93.474174874677189
80.612975294998847


