# Created by Octave 5.1.0, Fri Jun 14 10:50:54 2019 GMT <unknown@DESKTOP-06BG9PA>
# name: S
# type: diagonal matrix
# rows: 256
# columns: 30
1470.9306560740717
1004.0734135058885
886.21128255167093
836.683256164319
748.1484922890221
671.47833949472567
638.56578164373855
620.91555673791254
607.03433210451635
592.73387273246783
551.76614400688607
500.32083841331621
480.68539523447635
466.36883889861429
424.35441188803327
414.46614241251416
406.44466448479631
378.54130525718108
343.5063063801519
328.32151572563134
282.10347445469637
269.11904611320671
262.64277017228727
236.46613332384737
207.49736995301154
203.01328613332532
173.01516791116148
158.86507376582691
152.76219377150824
137.73871341215761


