# Created by Octave 5.1.0, Fri Jun 14 10:50:55 2019 GMT <unknown@DESKTOP-06BG9PA>
# name: S
# type: diagonal matrix
# rows: 256
# columns: 30
1804.1313912951832
1175.0365425022974
1021.2111051064302
923.16138975724539
872.75247911537895
809.78913398174393
793.58697844532435
699.83351003367341
690.15763884207013
645.39533932721042
609.3261298279981
589.87917401796278
575.58752581347835
518.29039424326731
497.04714613926569
481.65359464539483
442.53627202876618
417.93519431341423
398.68894709944323
365.01670062386313
350.71274583669907
323.18676138549654
302.91029494126593
261.98866919105541
254.85343566893312
223.36755683657574
220.19184041918587
166.657469526086
155.51095248013362
137.6979256180509


