# Created by Octave 5.1.0, Fri Jun 14 10:50:55 2019 GMT <unknown@DESKTOP-06BG9PA>
# name: S
# type: diagonal matrix
# rows: 256
# columns: 30
1565.5617376458731
925.43286729891383
893.42351255053984
841.66317057691231
820.47883670807596
735.70275041226057
660.95079543346105
643.87349419795032
622.99673479366254
587.09227765859839
560.30178118287654
509.07276786883318
486.15814670319082
459.34331356945125
447.67439238955973
419.84155268115938
402.44452592053239
356.45421239647118
334.77851880692907
319.64895098511693
268.76587273440168
264.60026078490552
242.29308032644488
236.22432881840385
197.72894912053795
178.223000985238
166.53714250325808
144.9649453424615
98.861408554768261
77.623193114210309


