# Created by Octave 5.1.0, Fri Jun 14 10:50:56 2019 GMT <unknown@DESKTOP-06BG9PA>
# name: S
# type: diagonal matrix
# rows: 256
# columns: 30
1631.3896794262566
1224.3849884360645
961.26693915720955
857.13413734062692
818.89577268297421
739.19740153494297
669.48124008383991
659.35322622299589
640.58818705808108
600.02841604687535
552.40035749181152
495.65426262462825
482.20854042201307
456.34969941699711
398.30466254948004
386.56772578108172
375.54364670441254
368.36739399290366
338.79357352386927
314.59013551875535
291.02189104427043
274.97652849905529
258.73962623371148
236.1934239394914
194.27908578316496
172.25243910452696
163.16316203329231
121.65735018737431
104.01959981574977
97.273644276835384


