# Created by Octave 5.1.0, Fri Jun 14 10:50:57 2019 GMT <unknown@DESKTOP-06BG9PA>
# name: S
# type: diagonal matrix
# rows: 256
# columns: 30
1842.8129031246187
1089.598169190368
1017.4610839460081
949.06188172598331
863.4995395826478
823.41343293104785
725.29662774820713
711.44746288960403
689.34026764409214
646.41718351743759
630.90972598612086
610.82523829785362
564.08913771858806
556.494408976351
533.72981092953955
501.3315285183852
497.09621165168386
450.9929017058372
432.04096773985475
408.47706447396911
388.75212523249019
374.00260650104553
344.51253680744122
323.6301472085533
302.50960394866109
280.05853865610698
261.47067321702383
246.03564924208493
241.60338736098507
177.13778069325969


